causal_rank	snp_index0	snp_index1	snp_id	beta_g	abs_beta_g
53	77445	77446	rs7660073	2.905067169240407	2.905067169240407
98	22907	22908	rs1451572	-2.5666584409312976	2.5666584409312976
31	89240	89241	rs1582931	2.5174740375339204	2.5174740375339204
180	46858	46859	rs6790569	2.327653100346085	2.327653100346085
195	49967	49968	rs4444654	-2.310103436632644	2.310103436632644
145	128434	128435	rs12548700	-2.2912895085981	2.2912895085981
41	83650	83651	rs251169	-2.147289029738655	2.147289029738655
49	118855	118856	rs12155043	2.129247112028298	2.129247112028298
78	229278	229279	rs1242488	2.093168308930595	2.093168308930595
150	103297	103298	rs12523682	-2.063238276804743	2.063238276804743
9	60079	60080	rs1530652	-2.0501721010310225	2.0501721010310225
182	112238	112239	rs6922700	-2.003522292066514	2.003522292066514
32	104915	104916	rs1590384	1.8768446112816701	1.8768446112816701
52	111745	111746	rs9356192	1.836913528321314	1.836913528321314
129	168009	168010	rs743534	1.8206461576468016	1.8206461576468016
47	179795	179796	rs576764	-1.7577283913566313	1.7577283913566313
103	249191	249192	rs927650	-1.7567217824785826	1.7567217824785826
86	85858	85859	rs6893756	-1.7445859869741926	1.7445859869741926
117	107345	107346	rs10499112	1.743934526167792	1.743934526167792
114	215552	215553	rs6493489	1.732311605409944	1.732311605409944
57	206631	206632	rs848119	1.7286976444055924	1.7286976444055924
105	127794	127795	rs11989215	1.727350214164185	1.727350214164185
149	247080	247081	rs2749424	1.6162096816512073	1.6162096816512073
183	32884	32885	rs4296479	1.604254361517141	1.604254361517141
187	161693	161694	rs628948	-1.6022595410589253	1.6022595410589253
189	78055	78056	rs1661089	-1.6012779371188537	1.6012779371188537
153	248390	248391	rs567348	-1.5815943994539423	1.5815943994539423
79	51712	51713	rs1214372	1.5733549024752425	1.5733549024752425
131	58258	58259	rs9829083	-1.5720402556532407	1.5720402556532407
106	75401	75402	rs10517948	-1.5338614049161376	1.5338614049161376
135	5833	5834	rs4348675	1.5112284332767216	1.5112284332767216
170	144933	144934	rs10511767	1.4814555476589732	1.4814555476589732
154	9568	9569	rs17027272	1.475949048053509	1.475949048053509
97	24963	24964	rs4953718	1.471491972993157	1.471491972993157
48	204607	204608	rs10161783	-1.4670452453909906	1.4670452453909906
35	117841	117842	rs4724654	-1.4634420018370031	1.4634420018370031
194	211019	211020	rs2210181	-1.4127658838923665	1.4127658838923665
6	91011	91012	rs12189303	1.4074818613137168	1.4074818613137168
64	213791	213792	rs8036899	-1.3748958083699818	1.3748958083699818
22	212457	212458	rs1983655	1.3373981074427437	1.3373981074427437
176	196448	196449	rs9598047	1.3289605904369892	1.3289605904369892
16	99489	99490	rs7765294	-1.326392717739564	1.326392717739564
186	87999	88000	rs10515453	1.309550684860527	1.309550684860527
112	219578	219579	rs7173640	1.3000445946989585	1.3000445946989585
50	14973	14974	rs10801375	-1.287422581274031	1.287422581274031
188	175614	175615	rs12806769	-1.2516472141061394	1.2516472141061394
12	235672	235673	rs1404433	-1.218813060423628	1.218813060423628
140	200475	200476	rs869878	-1.2165601493811278	1.2165601493811278
38	232482	232483	rs9907418	1.2058536208882336	1.2058536208882336
83	112152	112153	rs4072351	1.191142953088865	1.191142953088865
124	39610	39611	rs2666288	-1.1783036231148656	1.1783036231148656
115	170717	170718	1666721	1.1774118889776937	1.1774118889776937
133	114414	114415	rs1178163	-1.172007192594816	1.172007192594816
54	178960	178961	rs10789889	-1.1715666288253417	1.1715666288253417
127	171639	171640	rs514207	1.1712470934673194	1.1712470934673194
143	143060	143061	rs1040910	1.1553120361066962	1.1553120361066962
82	84776	84777	rs7724839	-1.112411471983418	1.112411471983418
89	22514	22515	rs16984606	-1.110430684414478	1.110430684414478
51	61328	61329	rs17477561	-1.0967855784546396	1.0967855784546396
28	250422	250423	rs17274722	-1.0843880722333665	1.0843880722333665
159	216113	216114	rs13379960	1.0684715559890383	1.0684715559890383
43	129831	129832	rs4872524	-1.062414411859563	1.062414411859563
168	112647	112648	rs6972823	-1.0585360819784093	1.0585360819784093
110	197149	197150	rs7325068	-1.052898510703949	1.052898510703949
138	194608	194609	rs4759814	-1.013717366440399	1.013717366440399
70	162994	162995	rs10509552	1.0127158178198286	1.0127158178198286
20	58332	58333	rs6774757	1.0027578253046041	1.0027578253046041
167	20337	20338	rs2683986	0.9998242469102946	0.9998242469102946
123	219165	219166	rs7175820	0.989583934594853	0.989583934594853
58	35883	35884	rs13406777	-0.9868570784282374	0.9868570784282374
87	55107	55108	rs4678415	0.9274384815581808	0.9274384815581808
15	198651	198652	rs4242996	0.9159025423560131	0.9159025423560131
13	142679	142680	rs10124014	-0.8781523669287508	0.8781523669287508
45	32432	32433	rs6739473	-0.8768607781675882	0.8768607781675882
107	184172	184173	rs17222677	0.8638280136981883	0.8638280136981883
163	204282	204283	rs17674880	-0.8633452647393817	0.8633452647393817
177	16382	16383	rs227178	0.8567939825665268	0.8567939825665268
33	48644	48645	rs9844504	-0.8532433505588201	0.8532433505588201
156	30311	30312	rs1647675	0.846583985843404	0.846583985843404
174	252376	252377	rs2833503	0.8443851904853201	0.8443851904853201
11	145187	145188	rs1452348	-0.8432302702928711	0.8432302702928711
178	145149	145150	rs2778434	0.8418200668900618	0.8418200668900618
119	120973	120974	rs10499903	0.8279881767970589	0.8279881767970589
172	230595	230596	rs241033	-0.8222500172903203	0.8222500172903203
158	178851	178852	rs188891	0.8137636899662105	0.8137636899662105
190	199825	199826	rs9529506	-0.7941362900254239	0.7941362900254239
125	236839	236840	rs2440455	0.7823503424176613	0.7823503424176613
60	120552	120553	rs802441	0.777337576061744	0.777337576061744
81	94128	94129	rs966595	-0.7630572096947675	0.7630572096947675
128	115608	115609	rs65264	0.7508689887312598	0.7508689887312598
171	115632	115633	rs6955634	-0.7435882288125641	0.7435882288125641
130	71046	71047	rs17505584	0.7307746911386448	0.7307746911386448
39	227923	227924	rs7186136	-0.7290838377436085	0.7290838377436085
75	127739	127740	rs7002491	-0.7215580335428474	0.7215580335428474
199	240937	240938	rs9954791	0.7019536262212701	0.7019536262212701
137	82499	82500	rs2279587	-0.6989304285787463	0.6989304285787463
122	178997	178998	rs11214334	-0.6974238233002769	0.6974238233002769
24	185532	185533	rs12424540	-0.695942611670703	0.695942611670703
141	41256	41257	rs10204481	-0.6711402773965811	0.6711402773965811
40	72265	72266	rs17031881	-0.6541464400677965	0.6541464400677965
8	168051	168052	rs10794278	0.6439387932768579	0.6439387932768579
1	95110	95111	rs7715391	0.6433267946890444	0.6433267946890444
136	204135	204136	rs16969822	0.637533810897696	0.637533810897696
144	175241	175242	rs10899622	0.6087614722244398	0.6087614722244398
151	22060	22061	rs4516400	-0.5911034251911056	0.5911034251911056
152	29409	29410	rs308901	0.5909063227933546	0.5909063227933546
36	111143	111144	rs9355747	-0.5907070139634865	0.5907070139634865
113	105478	105479	rs548653	0.582655241987707	0.582655241987707
157	206674	206675	rs9806037	-0.5709436615217945	0.5709436615217945
68	95180	95181	rs6884018	-0.555327218819016	0.555327218819016
179	39121	39122	rs6727581	0.5541165013240933	0.5541165013240933
21	220379	220380	rs8036393	0.5381154370039261	0.5381154370039261
44	219752	219753	rs8023259	-0.5294394273660737	0.5294394273660737
192	195080	195081	rs292462	0.524187842812771	0.524187842812771
134	175357	175358	rs1479319	-0.5182798423662747	0.5182798423662747
18	179831	179832	rs1073635	-0.4841694333335785	0.4841694333335785
85	140318	140319	rs4567073	0.4801434033916108	0.4801434033916108
197	7914	7915	rs11580965	-0.47177603363833576	0.47177603363833576
69	35897	35898	rs2292814	0.471538522545139	0.471538522545139
90	143605	143606	rs755147	-0.47152480744994896	0.47152480744994896
198	163499	163500	rs2422326	0.45938577171661177	0.45938577171661177
184	184164	184165	rs7970197	-0.45769943095682564	0.45769943095682564
88	112887	112888	rs4724724	0.45442033821436295	0.45442033821436295
191	92935	92936	rs3213094	0.43963660601699356	0.43963660601699356
116	246509	246510	rs16980240	0.4390866789295762	0.4390866789295762
118	171973	171974	rs2300182	0.43899315873829875	0.43899315873829875
61	190844	190845	rs11835203	0.43476607446661863	0.43476607446661863
148	211199	211200	rs17186301	0.41389028537269307	0.41389028537269307
2	129701	129702	rs2631923	-0.3946051228595896	0.3946051228595896
80	165276	165277	rs4918625	0.3858465525565008	0.3858465525565008
166	231321	231322	rs9303359	0.3833938643534951	0.3833938643534951
62	188853	188854	rs1461062	-0.37615607123009925	0.37615607123009925
102	87063	87064	rs1901519	-0.37191458132128985	0.37191458132128985
155	195370	195371	rs6490973	0.3683566127006584	0.3683566127006584
55	71020	71021	rs10012034	-0.36824895678803055	0.36824895678803055
72	80202	80203	rs1452007	0.35175640839920347	0.35175640839920347
56	170615	170616	rs901752	0.34155555094050954	0.34155555094050954
5	23257	23258	rs17005956	0.33757454879893356	0.33757454879893356
111	41422	41423	rs2603545	-0.33445617235587666	0.33445617235587666
14	202061	202062	rs2637382	-0.33412344070081207	0.33412344070081207
108	1890	1891	rs7546453	-0.3285252231228939	0.3285252231228939
104	181070	181071	rs10894033	0.32799548371410964	0.32799548371410964
19	201327	201328	rs1038617	-0.32767309436196085	0.32767309436196085
76	176248	176249	rs12785634	0.316494261673308	0.316494261673308
37	169996	169997	rs7113935	0.3156050035903405	0.3156050035903405
142	200622	200623	rs9565238	0.31200947155124387	0.31200947155124387
146	61510	61511	rs11725684	0.3043667290302598	0.3043667290302598
120	142363	142364	rs17594512	-0.29657095353470836	0.29657095353470836
101	147555	147556	rs2378480	0.2959939896870995	0.2959939896870995
93	146043	146044	rs4880049	-0.292171185803555	0.292171185803555
34	201770	201771	rs10507965	-0.2873833615491761	0.2873833615491761
193	97867	97868	rs7766133	0.27627417932855375	0.27627417932855375
162	127302	127303	rs10503267	0.2703432392817259	0.2703432392817259
66	27261	27262	rs918196	-0.2663874900089551	0.2663874900089551
91	24173	24174	rs1017154	0.2637172043565196	0.2637172043565196
84	191202	191203	rs7974500	0.2627492251471385	0.2627492251471385
95	111542	111543	rs10455913	-0.25197737820688537	0.25197737820688537
59	155965	155966	rs7909685	-0.24527784594210975	0.24527784594210975
26	42415	42416	rs2678247	0.2424967912712216	0.2424967912712216
65	74032	74033	rs10032212	-0.23817374397466523	0.23817374397466523
99	209068	209069	rs4542562	-0.23685026450968424	0.23685026450968424
161	198166	198167	rs2760912	0.23440089269869593	0.23440089269869593
160	128692	128693	rs1551816	0.23287802013716835	0.23287802013716835
67	11245	11246	rs16831647	0.23216988962625595	0.23216988962625595
30	23651	23652	rs635581	0.22822833013890514	0.22822833013890514
25	8909	8910	rs11185389	-0.22385881688049952	0.22385881688049952
181	104373	104374	rs17678353	-0.2051616888660442	0.2051616888660442
173	213820	213821	rs983242	0.20230619183119358	0.20230619183119358
126	93422	93423	rs1368288	-0.19065105750515945	0.19065105750515945
27	42692	42693	rs13093318	0.17657335845371103	0.17657335845371103
100	220327	220328	rs6598368	0.17651242137244696	0.17651242137244696
4	23127	23128	rs4665744	-0.16344289852451258	0.16344289852451258
42	42884	42885	rs17040583	-0.16266592054490767	0.16266592054490767
71	162153	162154	rs7909245	0.15542932766846604	0.15542932766846604
23	19600	19601	rs2815844	-0.15450567924990047	0.15450567924990047
96	71159	71160	rs11098416	0.15256251210246857	0.15256251210246857
165	63036	63037	rs582581	-0.1525225324523588	0.1525225324523588
164	121087	121088	rs10488529	-0.14752868024035293	0.14752868024035293
200	33356	33357	rs10210358	0.13824143205868192	0.13824143205868192
63	118630	118631	rs7799713	-0.13382296451604114	0.13382296451604114
169	254929	254930	rs138642	-0.12500903031957764	0.12500903031957764
185	161894	161895	rs11002674	0.10788044434303304	0.10788044434303304
94	140010	140011	rs4631442	-0.10348826806596086	0.10348826806596086
77	105091	105092	rs4645429	-0.09728659841348947	0.09728659841348947
46	17435	17436	rs1338238	-0.09426255425255699	0.09426255425255699
7	131737	131738	rs4354318	0.09058490690174555	0.09058490690174555
29	142159	142160	rs10974826	0.09048978162787422	0.09048978162787422
147	174033	174034	rs11821465	0.07203357323257792	0.07203357323257792
132	241422	241423	rs2191667	-0.06695317289820084	0.06695317289820084
121	135136	135137	rs10808857	0.06654581585920483	0.06654581585920483
109	113823	113824	rs4721256	-0.0613243458288473	0.0613243458288473
196	213689	213690	rs7494798	0.054353585390382264	0.054353585390382264
73	255829	255830	rs5757362	0.053155347577867364	0.053155347577867364
92	51330	51331	rs569216	0.05246679835624363	0.05246679835624363
10	154811	154812	rs1540956	-0.04871840193011795	0.04871840193011795
139	237893	237894	rs2586777	0.03278209287626079	0.03278209287626079
17	200378	200379	rs6562804	0.030631492594417446	0.030631492594417446
175	119817	119818	rs17151725	0.01142605556065933	0.01142605556065933
3	114597	114598	rs12538581	-0.005121866720071296	0.005121866720071296
74	122134	122135	rs4727695	8.439309141418043e-05	8.439309141418043e-05
