IID	cov1	cov2	cov3	pheno
1110005	0.7601330853758538	0.22921137411506842	0.5300647056014667	-1.1116728607624815
1110006	-0.7046732628698824	-0.17961141383145854	0.19677609665695725	-0.40116964706683633
1110008	0.8205284754174188	-0.3937411722245721	0.5211672557321126	-0.6527307352396092
1110009	-0.265838791915379	-0.11754216732813036	0.829519042024073	0.5807373486176038
1110011	-1.993060371054156	-1.296472328074761	-1.4821853974428207	-1.5831814656398804
1110023	-2.3336161198483047	-0.6782644401551767	0.7494338997277404	0.8281154196013188
1110033	-0.28488406638257474	0.19779008194185213	1.0892174967107926	-0.30638825856741775
1110035	1.3276861322676916	-0.06913793472613955	1.3535858895693973	1.1708582163961314
1110043	0.09212665843410921	-0.8373982238274621	-0.5944003521987352	0.8095139623518275
1110044	-1.4805365125650163	-0.8881338537336524	-0.35801668807442916	-0.5151227824287711
1110063	0.8035850193786016	1.7207698311659838	-1.38218151537704	-0.31568454818046576
1110066	0.39282746825991893	-1.0405439391575344	0.47469708846320197	-1.4045283955731698
1110070	-0.1310866506877266	-1.8309058258475304	0.9282969915684843	-1.278494678510461
1110071	-0.605000712808731	-0.5339002383735546	-1.06975241128969	-0.22518015321814955
1110072	-0.6542832766875555	0.4278904406949172	-0.18924434093640552	-1.1144646514894416
1110075	0.32866200228248105	0.3619218539288437	1.320661655528167	0.7318034783307779
1110076	-0.3427861508643793	-1.4768578168457318	1.067222416571983	-1.0415716309900842
1110077	-0.3314881720972547	1.114592444577377	0.3833771131824704	0.32421716897928676
1110081	-0.13113753020334493	0.3487758940462951	1.9510125601262995	-1.7913689477974961
1110082	2.076980529053753	0.0693811351327787	0.1601905933170753	-0.19686498393647123
1110083	1.0762401574663856	-0.8456610327673472	0.3330703726182551	-0.039367574361791835
1110085	-0.0258628479538564	0.3139082114575536	-0.8333688059494058	-1.4796959857354828
1110086	-1.589567493308969	-2.0729834359912918	-1.1173841129896078	1.0101745163128382
1110087	-0.458675284939333	-0.2931915866487618	1.9372311624295169	-2.734733301883387
1110088	1.1059933699072981	-0.9620911163416273	0.34770845245095694	0.20355284386571104
1110090	-0.4070782363503251	-0.28436383804009513	0.18532564941538202	1.3167227998101831
1110094	0.6191711169753933	-0.33925848388401536	1.0638515327343585	-0.6187029765003469
1110095	-1.141938226142404	0.006339062362268442	2.5976737265958323	0.24728762865114892
1110096	0.2230797426252751	1.4332145066061728	0.09152017817320818	1.3075640748594992
1110097	0.5807770953297967	-0.056783194392691534	-0.17040758116420443	-1.3665597086257346
1110099	-0.7794823967254196	0.4303013589575532	-0.8515371891857679	-0.1822591001564545
1110102	0.6655852363134291	1.08528700444591	0.36653140723722993	-1.9770400138639674
1110103	-0.28624873355569186	0.4539655793086961	-0.3086730555464126	0.3462874922438539
1110105	0.9355471254651493	-1.8314060842151236	-0.3356073681186462	0.4888447950752972
1110106	-1.9908119951239978	-1.495060830227205	1.3638622298139094	-0.6842771763154302
1110107	0.895184981971686	-0.7194802332847904	-1.502503456040897	-0.12892119566178942
1110109	-2.964528837841651	-0.5434955079326346	2.4204150122474024	-1.428770167772494
1110110	0.4348842714636474	-0.5595722860494895	0.46508020950030626	0.4894711749235415
1110111	-1.5609583529944429	-0.29732336269763543	0.09947747301573849	0.04284841129277961
1110112	-0.08610065182104851	0.7908061216900806	0.34464522623605237	-1.5024341894091222
1110113	0.668326018107997	-0.6883722822307594	0.8978154084105481	-0.6104359880542287
1110114	1.6289369476239914	-0.9701495196514126	-0.8876956557145598	0.7172704758382066
1110117	1.3357843363202329	-0.19134398669506028	1.403821392066557	-0.1130649416743767
1110119	-0.4425357118921839	1.4550455762707113	0.13148581680545218	1.4699585362242982
1110121	0.2582288233226952	1.5647180216699044	-0.36177047744417123	0.06788004959250915
1110122	-0.9411220959249583	-0.44856420802835434	0.4523339506431387	-0.17101131798328423
1110123	-1.5657590721805144	0.6374709026511215	-0.5387713176177432	0.38615612526044907
1110125	1.1478126607335635	-2.3942603049004716	-0.7865657751041687	0.0915764746426741
1110126	-1.686468151234102	-0.8262294663639526	0.24766590110894313	-0.2383682456864195
1110128	-0.1792266254497549	-0.25337756894801494	-0.1591848713800608	-0.24341418488225744
1110129	0.20338824061994343	-1.0085360419431078	0.7068496408990508	-0.4172884667215674
1110130	0.6626659703854839	0.385037937656101	0.5565334427512632	0.1875095643905819
1110131	0.2964180008086595	2.0350733027310675	-0.0870941710525099	-1.4088435950504095
1110132	-0.30708321833457675	-0.7535275803573779	-1.0322626705778368	-0.8957373206806246
1110133	-1.2444717876010754	-0.8887973132309185	-0.07068038165207131	-0.6057375640033573
1110135	0.3342951284977145	0.051142058552161786	-0.765535277429713	0.8780965177620098
1110137	0.9001845640199633	0.7394126723009475	-0.159648307422017	-0.9047847038706118
1110138	-0.652916144664712	0.5484279208297995	0.18797358748610446	0.6383796857593509
1110139	-1.4481272594150476	-0.0679802559844049	0.26203581207438104	0.8598952623796841
1110140	-0.8996947864877538	0.189843392837443	-1.4548224852577891	-0.5578663588286096
1110143	1.3361861000121709	1.2479499850594318	-0.25251733430296475	-0.9737829143786751
1110144	0.36345433783907316	-2.409921965799875	-1.1563476602653329	2.0004715953856036
1110145	-0.2937789201521298	-1.0721330214268592	0.7143964826306588	0.7038603186346701
1110146	1.997296530747994	-1.176614719429302	-0.8374634040851927	-0.40240264927238467
1110147	0.23544836830993032	1.6111161484996208	-1.2223743125399031	0.9882888287622882
1110149	0.24903612230694197	1.8212988508131087	-1.6517591481792673	-1.6685958199257334
1110150	-1.281069206845832	-0.42360660646083825	-0.520588412855411	-0.8122226784179023
1110164	0.8126012877536446	0.24165971982083806	-1.7749620596421283	0.33939294899822703
1110165	0.5154104029008109	-0.5775388873556505	1.274447216941239	-1.0325033299717699
1110166	-0.6275875364369197	-0.6366152831022357	0.5411316108045314	-0.46819723589187157
1110180	0.7629264823369366	0.4480993639362036	-1.6855973173848082	-0.2918508722316742
1110181	0.5380344399282511	-1.034308051674399	0.2352761115882635	-0.3637895554858564
1110184	-1.4237344353990602	0.44632214754306365	-0.8065989043073726	-1.3083483687116253
1110185	-1.2826346502605217	0.7138201364823995	0.2416445216767513	0.3466139060704938
1110188	-0.6139768013928971	1.4511788490210642	-0.44065242156974244	0.383068470649384
1110189	0.03210767397093466	0.2689134476786009	-0.6196659341286136	0.37103238235892244
1110191	0.47113629339992935	-0.5334523471647244	-0.4116383222162092	1.1031558144168763
1110192	1.362642639803341	-1.040586052512433	-2.41278033092949	1.4573831014433516
1110193	1.6109369950118944	2.549327952607003	-0.40526926544933184	-1.2482668014616651
1110194	-1.9368380406201853	-0.31048397619594376	-0.2862229498406692	0.15382120020805903
1110195	-0.18992384102225704	-1.1133880419218483	0.5795611424764774	-0.009960829006761096
1110196	0.5245073752860862	-1.4944056198193065	0.6991967316948878	1.0786588574821032
1110197	2.052684981945891	0.17196033243705985	-0.33732516206850605	-1.3323289261310158
1110200	-0.1420032144075213	0.6152567669685612	-1.7306716055072182	-0.7969290434940819
1110201	0.16439070297730224	-0.3904639494628101	1.8478250129560454	0.06358861171092278
1110202	-0.17417273380495787	1.6678876111195198	-1.1037406977820072	-0.3330676607272494
1110203	0.5872591668027922	0.3194002637912288	-0.8690472478647824	-1.2029906423157226
1110204	0.17739611463694044	1.2125188368316004	-0.3237917042866007	0.8602097907981219
1110205	-1.6919626491697632	-0.01756282647744591	-0.9024230947925126	0.8057621477596152
1110206	-0.3423409386638824	-0.08158776968512098	-1.7056522160155172	2.174767544448979
1110208	-1.615658339320678	0.48206683552552526	-0.5227186961696804	0.02080534239498727
1110210	-2.564744341820567	0.7848440366081351	0.27236975527423984	0.1577555491049473
1110212	-0.713874824036484	-1.3168302110582415	0.8358078963143372	-1.561452269690602
1110214	0.3493506225604296	2.3826022826840734	0.42018859872493736	0.25594602379237497
1110215	0.3877031412620148	-0.16692793010856513	0.816775867200791	0.8024992189092762
1110217	0.6250852012481537	1.251725008565195	-0.5213229186372847	1.1206455731575575
1110218	-0.4354074729439623	-0.4791031709119801	0.7908017211789892	-0.8171553031539602
1110219	1.498374440296732	-0.45884049314930064	-0.42477372779309125	-0.28685889548978927
1110220	0.3140772238697992	-0.24576150001290142	0.95205365313989	-0.5171842182240165
1110221	-2.2517772906190467	-0.8267050469168946	-0.7824163339614458	0.5388876898179114
1110222	-2.320356012386145	-0.9636384443688041	-0.9151561158459262	-0.7939190277554835
1110223	-0.20110465451883033	1.1129658916602636	-0.24506065119070236	0.1498546483928496
1110227	-1.0308137202711538	-0.056954541213528984	1.0491736214413494	-2.965188126001719
1110228	-0.9759588161149049	-0.9105748839214486	0.5585489592742234	-1.5157589713549608
1110229	-0.22153611573080054	0.6474846907094743	-0.013646791795296761	-0.06727602435723379
1110230	0.701663648089567	-1.0350781140406409	-0.01208465078826744	1.1377236157012462
1110232	-0.21069001436315682	-1.2158909241041307	-1.5634779478686884	1.2345767915330188
1110234	0.6857490352746618	-0.3509523822179781	-1.0222802816473295	-0.8935603198039028
1110236	-0.09617893692333225	1.1280188573493026	-2.280737845371923	-0.3733929222638657
1110237	-1.4966386899033264	-0.9228864418952676	1.461178866720329	0.2551091344968204
1110238	0.2825869829192965	0.7673172404612268	-1.1401609191262305	-1.4598573039598437
1110239	-1.1195358752705262	0.4478137167227104	0.05827433093544655	0.976440409471716
1110241	0.5487388188641266	-0.18767099092845213	0.278143726454627	-0.31789241963113524
1110242	0.15811908490510918	0.7777673890849254	0.8070082819444706	-0.20090543627004065
1110243	-1.6198719943917699	-2.2472685553408556	1.0017453976515072	-0.5746526537397318
1110245	1.1877250932619365	-1.0206230195133374	-1.8598354065456286	-0.025076407467326256
1110246	0.09903482100720092	0.9308382263505294	1.7975945224343146	-1.2280751470165068
1110251	0.516297572101451	-0.37171669658569495	-0.8931306215848627	1.0033873451438586
1110252	0.011451291670654416	-0.2992647038852564	-1.0150679057288161	-0.6288287998581993
1110255	2.0487556508632867	1.785168402072131	1.1360486835554284	-0.2577573552138719
1110256	-0.9208503978091276	0.8550193242972788	0.6396264094979018	0.3409757169164524
1110257	0.44254562420405297	1.2496652670437771	0.6353711428612774	0.7455487927181386
1110258	0.7400142363043355	0.6369062833722101	0.3407914080021059	-0.1442567350278139
1110259	-1.7836111297141835	0.08362107741055723	-0.5561919588491252	-0.1258552351017741
1110260	-1.2798409576400205	1.681816619300824	1.7289953408857035	-0.46992916908826354
1110261	1.359220600295612	0.2552134168558746	1.3506251209526567	-1.4611525308138673
1110262	0.012053180601825543	0.20279727689777938	-1.093471370461983	0.9184253820251113
1110263	0.39699130449884	0.0603859284244171	-1.3026521168344645	0.5809452779426431
1110264	-0.051197111816596905	-0.07972956385680847	1.79756116664464	-0.46644328960475046
1110265	0.8942133285134095	0.011445439091466015	0.248787309801083	0.9686619454069723
1110267	0.044212378104198057	-0.20291398479554773	-1.0824271973882869	-0.31102243587379785
1110268	-0.15105187760692926	-0.7460982566525134	-1.2503155389231464	-0.9037830168960982
1110272	0.5112218145475347	0.39126465993323495	-1.786707511368078	1.049435331657761
1110273	-0.12268463749512722	0.9957013858999235	1.0592237388963208	-1.6218862925168929
1110274	1.0258368428852387	0.0389132069014598	-0.8450453279691511	1.1557261715289764
1110275	-1.0836988273580606	0.3446049047503575	0.379280034365163	-0.09613572721917757
1110279	1.2873311116050654	1.0999796503420836	-0.1322286565311721	1.347799980945651
1110291	-1.2442058788608694	-0.31910659701089783	0.21723119481052466	1.1269521465348782
1110292	-0.2020832453894041	-0.5778941080776558	0.2528848149698989	0.5687810004821419
1110293	-0.5039577414106104	-0.628066083725374	0.31145283430343956	-0.27443509386453796
1110294	-0.4019925801292048	0.24410438897835213	0.2732040228521227	-1.58582248435948
1110299	-1.1394290010915746	-0.4812411238654122	1.4377769399164624	0.7163018953897989
1110300	-1.1620795127342871	-2.116654448970531	-1.8618451532425115	1.1793444986010335
1110310	0.029109946576669203	0.03091727803269891	-0.11761085542512094	-0.056822758578350285
1110319	1.2141898289285016	-2.672834433102938	0.3959338744308236	-0.29734911321638
1110320	1.5614382018035733	-1.127780764891714	-0.3798065117898951	0.778539937431908
1110321	-0.7528919172286209	-0.8943460460775288	-0.32626200502304	0.3119988061839123
1110322	1.4274852836845047	1.8373866754875203	-0.3359392250401477	0.06257383540632122
1110335	1.9050602140644701	0.035576476984624864	1.753691026701081	-0.8606060198811107
1110336	-0.09329864965349177	0.1310578260461443	0.36547447264283456	0.5966436914192622
1110337	3.1788536793675353	0.8512855748447891	-0.7072645299514636	1.1592476796363953
1110338	0.9689978702758579	-0.3618325370843415	-0.48975018290120914	-0.422828765141235
1110339	0.9086013598921112	0.031085587771152785	0.2785759145118061	-0.5288074058071482
1110340	0.013985221865292462	0.3365831266054347	0.4249658974361492	-1.4263802243210213
1110341	-1.9369669327054153	0.6665726686095336	-0.9820194198303006	0.04271021697210614
1110344	-1.4422991355594112	-0.05841124385868244	0.08398100331445427	-0.9642356186393071
1110345	-0.6935061645722808	0.8310318576679744	-1.342175166370907	-0.6856012472737494
1110349	-0.40694374877255896	-0.5848741349330007	-0.04658727033933937	-0.7687459926125383
1110350	0.2788642846472388	-1.0078929496235447	0.7242826774562282	2.0883608525518396
1110351	0.06300236833469973	-1.8919462533119105	-1.958591440397031	-0.16032877074534252
1110353	-0.012319292929311235	-0.2209673177863541	-0.1034201135746335	-1.0449568708483672
1110356	-0.02798245653021798	0.22555983951018072	0.9476496098482997	-0.6310452930570476
1110357	-1.1111049009175582	-1.1719715929007948	-1.0933238578873825	1.4915225052839327
1110360	0.2889166671687069	1.2449473786464456	-0.4313394382395105	-0.7088503803795034
1110361	-2.5016998441596545	-1.7039928626103755	-0.8330367227960116	-0.7914519151911972
1110363	-0.5577288874952148	-0.4083886272547264	0.038581122980917065	-2.710360573439404
1110366	-0.3117463308224471	1.0493396105434072	-0.6760173056813688	0.47022748583233565
1110367	-0.862317959475543	0.4788755385204616	-1.5356420699261193	-1.2390479200977054
1110368	0.3896917053200022	0.10255318372626686	-0.1474424899181674	-0.4371729321407167
1110372	1.5882761071492624	-0.6222074452947179	2.0602981705240784	-0.1146999562700472
1110373	-0.2254314492280993	-1.2770164449702281	0.0699195809948253	-1.5289154796715265
1110377	-1.0762452003187681	-0.7517558478135002	0.39703330001549114	-0.019429166201826942
1110378	0.5555820886501248	-0.6221677002542582	0.9874051450464006	0.725562424086202
1110385	1.157507758021134	1.436301756563291	0.5294134071257222	0.9122382143642614
1110386	1.3634287120856987	-1.8807984279740577	-0.31790654862846257	-0.23308234018453822
1110389	-0.8670052563234263	0.11922586112739209	-0.5714492191967373	-0.3916247034166297
1110393	-0.16615784194973238	1.8821748802040494	-0.1697197964203783	-0.4598665265603234
1110394	0.4137923171902139	-0.2322693299242352	0.07571328795683367	0.4305978687202582
1110395	0.006016680436071459	0.4483240659731595	1.165307535547177	-0.6355282825697348
1110396	1.6473939976033294	0.30962008190916684	0.5895468860356021	-1.9909448277415713
1110397	-1.150864509185567	-0.08787674241562057	0.940289464883589	0.12564194370871817
1110398	0.8659686384171532	0.21160973279505021	0.8863939595679524	0.521922200503955
1110400	0.49076670899381886	1.2003062582593216	0.2893591569571111	0.7887689174295818
1110403	-0.35569831557103465	0.33584125693302364	-2.9305943758527757	-0.5078221061607942
1110404	0.38288573638504947	-3.6484128252147836	-1.723463407405418	0.4308009300836152
1110405	0.45176860094098414	0.47752933726679525	-1.1624287801399305	0.152306388792515
1110406	-0.7121020418789388	1.370540988614132	-0.48403013157267616	-0.6820467067310713
1110411	2.242920312402985	-0.001919853176346149	0.4080361768812668	0.14439704493427913
1110412	1.6168743984986076	0.13102711619341956	-1.0023439806908012	-0.22353704757616177
1110413	-0.10972745169429012	-0.03561073619009093	-1.3647416522015654	0.3655242816674998
1110418	-0.25583207134082336	-0.7421920939974367	0.9243577571874341	1.9748508970307868
1110420	0.03461187418525562	-0.28279574914757005	-0.10618193062257626	0.42680757210875414
1110421	0.22312201840616613	0.6168141996897798	-0.9997122286693814	0.08397366724099758
1110427	-1.0415876326212719	1.10467921540253	-0.4123368722047306	-0.5194160100060072
1110428	-1.416842092596874	0.44381270938310463	0.4633698060326869	-1.1079122529751912
1110429	-1.5307152572567064	0.2294817154636063	0.7355830924283736	-1.6373838927738071
1110430	0.37438645170626306	0.6319814837613953	-1.404269098090749	-1.5265882385344884
1110433	0.3310401549961956	-0.30261975947044656	-0.4827901587246448	1.432707865390363
1110436	0.8705556094197265	1.47927451067423	1.794370054600359	0.7871323148000131
1110437	1.314807871505905	-0.10973418163018368	0.35272016302634307	-1.258240439703017
1110438	0.7668228717842437	0.12117794929946196	0.13076418791154437	1.0179988449681607
1110439	0.823753131876182	-0.059282646025932216	-0.7292869363736615	1.6528917086969748
1110440	-0.4144730658358585	0.6339103777337424	0.002993291199955732	-0.32240927942027725
1110441	0.34020997686833787	0.6700792422021898	-0.3748414628976096	0.12128394674192733
1110443	0.7562481636298061	0.37884260345839443	-1.2348130869114786	-0.6724328079884968
1110447	1.4423047911862443	-0.5007447437569161	-1.6550953431851838	0.976906175144931
1110448	-1.0450437095863023	-1.021045160678322	0.05217331865753347	-0.7405679191674539
1110449	-0.2738505055462372	-0.33683196764059287	0.6197019654824789	0.74237498668523
1110450	0.3398753611927038	0.31604787064428624	0.40982845732869266	-0.5588245372938565
1110451	0.6161346680022383	-2.107953341777443	-0.3644382522644612	0.1353197666824914
1110453	-2.180210064489474	0.03605992679779541	-0.00463297222434532	0.34107697317764696
1110454	1.0455322747896802	1.1876343927211208	0.20277504825236733	-0.5290804416499335
1110455	-0.5003610773968998	0.48516111254573785	-0.5279176373243135	-0.12944869495468836
1110457	-0.001392651443348899	0.9861363169607678	-0.5577713459894236	-2.0121530618652783
1110458	0.8056786392425009	0.6774013686923024	-0.9547918171308215	-1.2839074800319983
1110459	0.973894128217401	0.6985663453715051	0.10192588737265744	-1.2663543789342757
1110460	-0.7623234580276522	-0.85920601857557	-0.5376625769030224	-1.0367375890866684
1110461	0.54259446329196	-0.9556251674013979	0.4375122486198699	0.04007930393796533
1110463	-1.2417555288783926	-0.20406858443884895	0.10964775457400863	0.31580890805727274
1110473	2.4451301450589167	-1.3773156555203674	1.4720145664901334	-1.3973159385841434
1110474	0.14984241398728004	0.41117191801596314	0.11834791338820451	-0.4755067221555004
1110476	0.444726818195233	-0.15368510436201774	1.4540501814574582	1.166160221259156
1110477	-0.4564711442247224	1.1322345721792477	-0.6443671202130229	0.10534485706718377
1110478	-0.06025184640128695	-1.0719625522902192	0.4550237203475199	0.7963086793428067
1110482	1.4451259569265338	-0.07735617982085408	-0.19688569870390954	2.0846999745397863
1110488	-1.1146169630679268	-0.2292926535523081	-1.5927942597215277	-0.7471540612078682
1110497	-0.9128779867188273	0.22678604610913541	1.3190131977413961	-1.1212879829423064
1110499	2.809210861229503	-0.5865850850709007	1.43530015664544	1.1312822988186988
1110502	0.2437524804016479	-0.15124764674637586	0.4325944517261522	0.4718579219938011
1110503	0.06191648367995918	0.11039572561221853	-0.4083331628266692	0.811250046155278
1110504	-1.3981096597988507	-1.5436252025220816	0.653244883281227	-1.1442458661481643
2220001	-0.2767000900857134	-0.5960888996561666	0.008505626723153567	1.0097612289121582
2220004	0.7949322529156275	0.1803639430263982	-0.6560549366409674	0.025707252724312846
2220008	1.2262929556489497	1.579185502981632	0.4945566553228533	-1.2998635737709243
2220012	0.9736635113440901	1.241959996813811	1.1300993164045137	0.9715033217718488
2220015	0.6140991771126236	0.5983470470748828	0.5196605733465026	-2.2023158724029064
2220017	-1.0973376745470436	0.7007231568595857	-1.355813971126554	-1.505388252310685
2220018	-0.7945994551250549	1.3035650678080875	0.8402201626941975	1.653900483748612
2220019	1.4873982896858626	-0.27167438368729224	-1.1522488412767675	0.629041619892006
2220021	-0.24043719707034283	0.1020312972405742	0.07898871634000969	-1.2210961561720244
2220025	1.1336804787567016	-0.36127042500344553	0.35203447180292424	-1.0466670023535762
2220026	-0.9886271494346061	0.450317278043813	0.003108550185636745	0.6943368129107459
2220029	-0.7498133382845175	-0.2358293621748528	-0.18417574651522164	-0.9547092573860242
2220040	-0.2701551293370962	1.7713412422676835	-0.09844600230787963	1.461344902393399
2220041	-0.24389611017733773	-2.0974509576101417	-0.8942073519794773	1.301363844570028
2220043	-0.26307342445635284	-0.6858526761766428	1.381707593377797	-1.1790454195685414
2220046	-0.16493777539621862	1.2884442493182524	0.061704634050368024	0.1814022278187088
2220048	0.037227836421576635	-0.08879644771250095	0.0037962516214591325	-1.7196496621461657
2220049	1.7187950030498593	-2.3196107267512183	-2.001545744438679	1.1654261994191542
2220051	-0.5431708310561139	0.014527881937568883	0.6901044247640123	-0.9196881607322716
2220052	0.4730871980274752	-0.3842459128805702	1.0190436932417624	-1.8709825084271032
2220053	1.030195403152731	0.18405783127156553	0.9626575724868413	-0.297908847189062
2220057	0.2726452634321288	-0.5614830267828836	0.6978168390000047	0.357961497309219
2220058	0.11061312257867771	0.001339846754486929	1.4729535721895743	1.19942520485959
2220061	-2.4508721285400865	-1.4176841701595697	-1.18707042637437	-0.38144099839731915
2220062	-0.3632606475688056	-0.2546081697660301	-1.5073256477730475	-0.21142068463071362
2220067	-0.9851580323108263	-0.8608416785235702	2.457424092075892	0.603776705846892
2220068	1.8017419477471466	-0.4117494176846493	-0.3635832903067989	-0.2721809390839437
2220070	-1.1492039971882941	-1.9081304132252668	-0.11688018640852403	-0.7511891328227127
2220071	-0.9978519832440257	-0.08485053166200977	-1.6002058490434774	-0.00525691546058582
2220072	-0.7619744583102578	0.14862709530283086	0.3662095977839374	-1.1227155683083763
2220073	0.41747195874201454	-1.3204889841570373	0.8546857301355617	-0.26171703080250924
2220074	-0.8002116966018503	0.6328579146073064	-0.010638676618193147	-0.7006139156755424
2220075	-1.3763874990779479	-0.31619770458118795	0.3653637420637676	0.2379693277971422
2220077	0.612965380474599	-0.14098789744441861	1.5317788906010528	-0.9343842932048019
2220079	1.007510770986559	-0.25665411639975283	0.7501218121369445	-1.0279036102699275
2220083	1.9337934851881868	1.960484600783027	-1.2279998808224974	-0.5778967064508348
2220084	-0.9265331111571506	1.484918786733851	-1.0582810508376372	-0.4894431680158058
2220087	-1.322541133291679	-0.4861941306990469	0.42022670947458574	-1.788876705167799
2220088	-0.10239670661109637	-0.6505636204055921	-0.674212461724509	1.965352097423924
2220091	-0.7123370644127087	-0.8795096286589426	2.2816328772760617	0.10051587347080898
2220092	0.2975110711855549	0.8867590544047386	-0.4890774681189237	0.9440844972139459
2220093	-0.18595667718604886	-0.713553981370355	-2.651708334919202	-1.900345340444427
2220094	-1.3780092768478662	-1.8106186799803947	-2.2497837779516074	-0.450022136959518
2220095	-1.1953589742981028	1.3249556793816308	-0.04443616770435442	0.1011758089285313
2220097	1.290563762321174	0.4109825769008753	0.7825588257151592	-0.1119624528940163
2220098	-0.9008969953045751	0.5239509541926708	0.7287142340743459	1.64853545520547
2220099	-0.5766472922336929	0.5595403706161663	0.5661877585748329	0.4235347026580326
2220100	-0.5495526211300829	-1.122768432270995	-1.1841283318982723	-0.3019933094013818
2220101	0.08650554192146179	0.3270098687893148	-0.7925258304579145	-0.7748718824211851
2220102	0.02658534132609864	0.5705370361384854	0.6181907146653008	-0.47462138571736695
2220104	1.5518801201224885	1.2769808321980434	-1.001291432756544	-1.3708800434878683
2220106	1.6835862095380225	-0.5309765045557148	1.0448728124544275	-0.4199479012353139
2220107	0.06798662605108885	-0.4121493784569676	-1.8076968597749328	0.5287428682655179
2220108	-0.1715645102163482	-1.559383235305609	0.9672992358427723	-0.17969697308310606
2220109	1.516792657139248	-0.7969109892966902	0.30197074251927114	0.7726926915506742
2220116	-0.7253915220079754	-0.6284847301367896	0.7744947038653713	1.0229854676491275
2220117	-0.03853826184341251	1.7396480419310116	-0.482232478702921	0.7989963511493393
2220121	0.9993363324744892	0.09741341295778198	0.7957780097442332	-0.31766142016524596
2220122	-0.4471576573299467	-0.04955883755158271	-0.11549887929893475	0.42816551374822837
2220125	-0.8360571148457872	0.6620815345817527	0.6502490055783642	-1.6026370547828546
2220126	0.5935546949055667	1.5369656539176446	1.4493448012363035	0.031455910186239666
2220129	-0.37494468984913537	0.37305231843417824	-0.6236006892582127	1.4080980013562363
2220131	0.023355316114555456	-0.5997494491188647	1.620070309136051	1.176676130529181
2220132	0.3636981503429628	-0.21802912810442213	1.193618571856377	0.32338865347313883
2220133	-2.1706154097954116	-2.0141025948652898	0.7958386552197739	1.6748003150622341
2220134	0.06046844811736806	0.25044630026076065	-1.3263961033185487	-0.7838797622765847
2220135	-0.023233710850366202	2.003509410401342	0.8241996197958629	-1.3196810669806118
2220137	0.1697065451428121	-0.43905391010493766	-0.39457285186939384	-0.5118435706876658
2220138	-2.1291978892000176	0.2576404209211606	0.8454831084818539	1.973532957025573
2220139	-1.5756193271706151	-0.661416892306816	-1.157464632233422	-0.28855247707623477
2220140	-0.9653511948087635	0.05348162682190022	-2.0844021549884744	-0.7140303183699744
2220141	0.614270438357064	0.7538550699336822	-0.2511025880369125	-0.7799723071412906
2220143	-2.4807085099845416	-0.9964186260023896	1.2329019341026966	-0.9040174914326495
2220144	-2.7779942807285725	-0.34752341219351923	-1.180000778467259	0.04872640387345173
2220145	0.8045703015848366	-0.6751139521434614	0.40395402073561154	-0.08162359449007117
2220146	0.5654604191690931	1.83622583973002	-0.20294194367537022	0.04364589820777996
2220147	0.37604436962261134	-1.485055479127436	1.190413563293744	-0.41968856383959185
2220148	-0.7605088480713647	-0.5607541640877456	-0.022247794849210738	0.1863767701272947
2220149	-1.5628843453398495	0.228770028928938	0.9674662729250108	-0.9933571876111643
2220150	0.2929338234972916	-1.588897564178725	-0.12380929432965958	-0.14884667911250293
2220151	0.7420289029794906	-1.8779887659659078	-1.074766013817714	1.9362972652511006
2220152	0.87654360408152	0.27009543419728654	0.41197158212675383	-0.2518805083233383
2220153	1.8594948076233115	0.4685527785062026	0.6578880104331793	0.23710416939950096
2220154	2.710745527218326	-0.2138045580904907	-0.7978827636184951	1.0671886168924793
2220155	0.4277963982471327	0.4389910293888949	-0.5267153919462082	0.677658819649507
2220157	-1.0323970195548475	2.309844422090078	0.3268434703880229	1.6766598668259294
2220158	-0.7322853814020757	0.9159303022795986	-0.1091451515613345	0.0008077984965028234
2220159	-0.25288144631783127	0.5622728719144933	-1.29188226823169	0.09718378014147477
2220160	0.3526272039171724	1.9129548077317522	0.46617766219731077	2.666184590269345
2220162	-0.3762121037834645	-0.507105280428242	-0.41033997334510935	-0.5455910914564602
2220163	-0.25396267804778105	-0.377806532758272	0.9163114410745667	-0.48857979528360584
2220165	-1.7332091032089831	0.862000050412134	-0.3796865251425611	-0.30733644562797247
2220166	0.37694778569537224	-1.1269879102008638	1.328631066849436	1.0563014449114343
2220167	1.245634960171873	0.9595905257500736	-1.5147547757935393	-1.076059172343497
2220169	0.8291210710660528	0.4048550876357089	-1.6052712471325676	1.9623728987430336
2220171	-0.02429738377081549	0.3645344890332625	0.5560752738231508	0.0844844746655832
2220172	0.17726136694885572	0.2912314168473797	1.4736113922530956	-0.12088622754258471
2220173	1.2260339099106798	-2.8670549537827434	-0.317438554837682	1.9858240907540585
2220174	-0.16465102754395128	-1.7520985727269711	0.09418305823231217	0.37059839651027093
2220175	1.2487577724105066	-1.0865678595905903	0.3364009386898723	-1.0290084552184156
2220176	-0.9158234772964378	-0.6719120236796768	1.477393634170035	-0.20016568179108507
2220178	-0.542557820111825	0.46221248901062467	-1.871218116060987	1.1583172247486198
2220180	1.8623175613948801	0.602652446306499	-0.18249984265026167	1.3357601721247052
2220181	0.5755465099998948	-1.4098194289478103	1.1825307417526572	1.1117933511721805
2220182	-0.3239847754964302	-0.2040695150484347	-0.49165561496548443	-0.10646788500087218
2220183	-0.5806514027455847	0.6946706116284086	0.25590685010422287	-0.36762212587530085
2220184	0.6517481414030399	-0.008794689485571452	0.513199811077181	-0.6685011136366596
2220185	-0.41884874392503835	2.2297318414095484	-1.5679304164304986	-0.8704125135548647
2220186	1.2609373235629844	1.3679074507209708	-0.8521588059655938	0.1909809111653267
2220187	2.2292736105559734	0.9954902829453182	0.9711390068229115	-0.5733415031707828
2220188	0.028022187025876687	-0.21722615821867644	-0.20940882703960811	-1.6240530725969857
2220189	0.3905305963195172	1.4011862750338961	0.1813142178614196	-0.33336784800738795
2220191	-0.9114436231372903	0.8244270623849798	0.9211507463947922	-1.970520504253995
2220192	0.6546595284477861	0.7454989065249826	-0.2709281301578081	-0.6071342208156567
2220194	-0.9289891671305796	-0.8681934306407798	-1.635463248457858	-1.933342903156792
2220196	0.23694861154594976	-0.08344878322659362	-0.43998770452970876	0.8186780855033445
2220197	-2.95561882434507	-1.247317469694169	1.1208406514031668	-1.4284372671208445
2220198	-0.664626000063131	0.3605916776568414	-1.3906854299752562	0.43694816321344143
2220199	1.4387054823592311	-0.1440276600546764	0.2900403964835352	-0.12786179008122056
2220200	2.325779791881685	1.5164401005894037	-0.3065656212870578	0.6709767623471805
2220201	-0.5932201848703592	-0.3255450115195318	0.5098982484765356	0.5918240911811495
2220202	-0.10522413425087113	-0.39524414500347166	1.4671812507090423	0.6898641720876859
2220203	-0.11420989177783689	2.2995890930373193	0.09074256375217302	-0.42563345852191803
2220204	1.7853183942247275	0.3573194227106268	0.9629605732494478	-0.39927257673628475
2220205	-0.7246110515177244	-0.8537592225874118	0.4597059550149875	2.0812639529870944
2220206	0.9885532424653152	0.040256502000462865	-1.2863933350836971	-0.815047711364272
2220209	-1.360258366289327	-1.4271364021862412	-1.767622112939381	1.2383025786047692
2220219	0.10948535944708751	1.1250439217080253	-0.013415786924808768	-1.2736594835235626
2220220	-2.2604147573378524	-0.19076046033454871	-0.1627989966326071	-0.32302638549888685
2220222	2.0959987502254394	-1.4571379129195563	-0.3906776025991957	1.093909861837319
2220225	1.7058526805445642	0.44997834134654807	0.5633130735164247	1.3737826033121459
2220226	0.11458443702387822	0.32994353865726456	0.777609530278536	1.1703575676088165
2220233	-0.8094863188927663	0.8780585789081998	-1.3730030168855392	-1.3567994342546434
2220234	0.3283679728315381	0.17874096328632716	-0.6162930881921079	-0.41730413539060374
2220235	-0.022685275325646737	-0.6225401526655531	-1.0717013268617444	-1.229425320063437
2220238	-0.35361474161364437	-1.1039886353716615	0.3227974640932481	0.34376939124729783
2220239	-1.1500854941523635	0.7119770229910514	-1.18147906792882	-0.255947231911162
2220241	-0.5662949155810063	-0.624603408215179	1.3251467288748389	-0.8113642098650024
2220242	0.33028994561659186	-0.21173380254439425	0.4987194410697233	-1.852367542038892
2220243	-2.107192347329688	-0.043133589640907445	1.9975141778047627	0.4600264057372996
2220248	0.13234650640267256	0.0679131691693355	0.5481283796421961	-1.8917364490940671
2220249	0.8956052433143455	-1.9974666928898597	-1.6823264817910268	0.6333195499675165
2220250	0.21029129108614655	-0.7148765618975097	1.3120252622199142	0.768987915036756
2220251	-0.3151743898852239	-1.9345307357131178	-1.268013916843997	0.23202485173140402
2220252	-2.7496760196305754	-0.23412553728291255	-0.18838412726438336	0.15670295545246468
2220253	-0.42446270978189776	1.0788790390297387	1.1985198365166936	-0.10661077719868159
2220254	-0.1703884233561112	-2.134693667476856	0.6172815804922585	-1.969856431159486
2220256	0.5553602285085755	0.309391570156945	0.9814797493081158	0.9634016701866785
2220257	-1.16482809646104	2.008755386185139	-0.959427753141868	-1.6780441743220114
2220260	0.7492229272008546	-1.6873476944133516	-0.9302646872700508	0.4012722241847584
2220261	1.5163686467253361	-0.2608998230008499	0.8399226051327979	2.1259776145230793
2220262	0.2369553887192461	-0.10495815600017268	1.3638503249326897	-0.675198796668059
2220264	-0.23665882465190033	-1.7807381075634705	-0.8032400919517051	0.11705656403787795
2220265	0.5511917287016942	0.39550910636250813	-1.5670582502354382	0.3784032069757187
2220266	-0.724342519408201	-0.5817213492022466	-0.365469594114225	0.34259643320430855
2220268	-1.3759135886015514	-0.6283711081194786	-0.7286104852595274	1.41975201021193
2220269	0.7715332597619193	0.8091213109902438	-0.145810458088816	0.2518867864760462
2220270	-0.3920397958707315	0.1399243120391134	-0.8165751074555749	0.6852560354860634
2220271	-1.146832082167441	-0.9402212089257169	-0.6348131639714567	-0.17922136741892314
2220274	-1.163473799792271	0.16205955906287475	0.7297156737837084	-0.27220344934338114
2220275	-1.5870983007982418	0.02512871121603335	-0.21993579526633558	-1.2075641417610652
2220276	0.3415086855368029	-0.012938768103588062	-1.4535992799316308	-2.8382830470926157
2220277	-1.2623892988571654	0.029423575584972723	1.0287809197455093	-0.07208746743775282
2220279	-2.214187371043003	0.34572657980157995	1.1896220052876432	-0.6760563575947439
2220280	-0.1530258762062131	0.5502024960264408	-0.7030690808978022	-2.209030904885839
2220281	-0.11936619927687682	-1.6209135183081516	-2.344343308418874	-0.7049242054023235
2220282	0.9427658012252752	-0.9849949277244419	-0.4555278450034305	1.8236282438535425
2220283	-1.3864422532701932	-1.4099697030838758	-0.17383770009461635	-2.7560642540473808
2220285	-0.7295771941356465	0.37797099799469847	0.4525384189795919	-0.04524694816283925
2220286	0.32084964632460716	0.2386007909284437	1.5777682049318862	-0.06378795206221499
2220287	-1.067593769044886	-0.05493486620291775	1.1326898205195888	1.227071183579854
3330053	1.2645398093380364	-1.4217636493445729	-0.3123554416558699	-0.7630532653221558
3330055	1.3581210958672605	0.5080791051990653	0.19526303147977275	-0.18511211911445757
3330056	-0.21768469343465674	-0.38380092570774543	0.2882190630903242	0.45531139123400505
3330057	-0.25237412498448336	-0.04257862104444418	0.07859870611503737	0.37462814096599595
3330059	-0.6780715284934992	0.5321293738814383	2.9142446484154196	0.8736149801375626
3330063	-1.7769866393260751	0.3240125241899799	-0.7601900886189056	-1.5382977471124195
3330064	0.57740257751925	0.04655747332786092	0.7618547740424635	-1.0083848783802112
3330065	1.1755065765087795	0.19242111776818133	1.1320522884141782	-0.8498532825760431
3330067	-2.3442978937886774	1.5904522979160232	0.3750621518923401	0.8606158113479312
3330071	1.0778433557451819	-1.2198757448415216	-0.8307698816053357	0.30731668379424115
3330074	0.14593829414477413	-0.017037889337463016	0.2830685880099896	-1.00740705860841
3330075	1.0845151609299661	-1.7652203153028492	0.9738190717173091	0.8187683900754483
3330079	0.008281909957927018	-0.20378186112454774	-1.4711152343848903	0.018703172875316254
3330089	0.503048668376865	-2.414107851031037	0.6483940112387127	0.7038183637229142
3330093	-1.492105835472992	0.053457912617474034	-0.11916883732792043	0.32136350290649646
3330108	1.1695381472938837	-0.17865516901389017	-0.6941385611456656	-0.9969288457984462
3330114	-0.506602695971203	1.2728827687546636	0.5362969691808936	-1.526970491112655
3330119	-0.3856299815231613	-0.23644641996451343	-1.567177090585447	2.5580534653901026
3330121	0.388474200851541	-1.7598157076954657	0.7517964658354561	0.35283762089693405
3330124	0.12862159249126584	2.3869517995739225	-1.1001355537243058	-1.474335696822883
3330125	-0.10266209104063294	1.7982877009230627	1.1913896402914144	0.8960103529972689
3330127	-0.6962120515798997	0.22396742837344774	0.001999356415087233	0.7714421711617528
3330130	0.2819558673941572	-0.6986804359848298	-0.08932040270073452	0.1949921764845697
3330131	-1.5980523752767137	0.13512345186808206	0.45002067342183205	-0.21177921697512575
3330143	-0.227419412643884	-1.6150508905847878	0.9885318628514624	1.408861440551878
